GDP (Billions),Gold Medals,Gold Medals Male,Gold Medals Female
427,18,5,13
8560,56,27,29
259,6,2,4
358,6,5,1
374,0,0,0
6540,94,57,37
7310,6,2,4
140,7,7,0
54,4,4,0
126,3,3,0
132,1,0,1
103,0,0,0
273,2,2,0
131,11,10,1
127,8,7,1
154,13,13,0
195,23,21,2
345,2,2,0
463,16,2,14
188,4,0,4
171,20,2,18
264,5,3,2
5,5,5,0
7,3,3,0
62,6,2,4
142,20,1,19
10,15,12,3
17,4,4,0
446,38,38,0
413,27,20,7
113,7,6,1
2680,30,26,4
164,2,2,0
6,0,0,0
7,1,1,0
12,0,0,0
24,1,1,0
5,0,0,0
1240,9,5,4
373,5,5,0
100,0,0,0
23,10,7,3
1860,8,7,1
1640,7,7,0
2,0,0,0
38,1,1,0
3,0,0,0
1660,43,12,31
2210,50,24,26
284,0,0,0
31,18,8,10
22,42,30,12
23,2,1,1
61,8,7,1
2920,25,24,1
2470,20,16,4
546,1,1,0
241,8,4,4
10,18,18,0
1,0,0,0
181,4,4,0
641,23,15,8
684,1,0,1
46,0,0,0
12300,117,52,65
118,0,0,0
232,2,2,0
172,2,2,0
20,0,0,0
591,48,19,29
2070,16,10,6
2390,8,4,4
2120,21,18,3
6,0,0,0
29,3,3,0
39,14,6,8
12,0,0,0
1,0,0,0
209,1,1,0
159,0,0,0
889,13,13,0
1310,19,14,5
1140,22,14,8
436,31,29,2
1320,25,17,8
476,8,7,1
13,0,0,0
29,0,0,0
32,1,0,1
63,0,0,0
2,0,0,0
37,0,0,0
49,0,0,0
3,0,0,0
177,0,0,0
32,0,0,0
74,0,0,0
98,0,0,0
224,0,0,0
34,0,0,0
434,0,0,0
170,0,0,0
599,4,4,0
49,1,1,0
5,2,1,1
777,9,2,7
63,14,14,0
88,13,12,1
171,0,0,0
629,8,6,2
742,4,4,0
305,0,0,0
1060,31,9,22
287,0,0,0
15000,12,10,2
17400,10,5,5
207,1,0,1
1550,11,10,1
18600,139,54,85
14700,127,69,58
79,1,1,0
279,0,0,0
163,0,0,0
1,0,0,0
333,0,0,0
42,0,0,0
68,0,0,0
4,0,0,0
5,0,0,0
1,0,0,0
2,0,0,0
13,0,0,0
31,0,0,0
9,0,0,0
5,0,0,0
35,0,0,0
28,0,0,0
55,0,0,0
42,0,0,0
59,0,0,0
48,1,0,1
171,0,0,0
419,3,3,0
468,2,1,1
1540,18,9,9
8,0,0,0
9,0,0,0
0,0,0,0
0,0,0,0
10300,130,68,62
16200,145,42,103
415,60,24,36
613,49,31,18
216,0,0,0
355,21,17,4
68,0,0,0
29,0,0,0
0,0,0,0
2,0,0,0
32,0,0,0
137,3,3,0
11,0,0,0
53,0,0,0
38,0,0,0
101,0,0,0
94,0,0,0
59,0,0,0
5,0,0,0
6,0,0,0
12,0,0,0
2,0,0,0
120,0,0,0
13,0,0,0
0,0,0,0
9,0,0,0
4,0,0,0
3,0,0,0
4,13,13,0
5,0,0,0
132,0,0,0
218,0,0,0
74,0,0,0
273,1,1,0
5,0,0,0
8,0,0,0
115,0,0,0
36,0,0,0
42,0,0,0
20,0,0,0
52,0,0,0
96,0,0,0
23,0,0,0
3,0,0,0
14,0,0,0
14,1,1,0
52,1,1,0
67,4,4,0
9,1,1,0
70,2,2,0
375,0,0,0
21,0,0,0
12,2,2,0
5,0,0,0
7,0,0,0
7,1,1,0
1280,52,11,41
2,0,0,0
5,0,0,0
8,0,0,0
2,0,0,0
316,30,29,1
583,25,13,12
44,9,9,0
3900,6,5,1
3050,4,4,0
4910,3,3,0
147,16,16,0
4890,5,3,2
5040,23,4,19
4830,3,2,1
1310,10,10,0
4820,21,12,9
2,0,0,0
10,1,0,1
8,0,0,0
59,0,0,0
153,0,0,0
1070,4,4,0
518,137,79,58
947,131,70,61
299,83,61,22
1820,1,0,1
1530,4,1,3
3750,42,29,13
595,3,2,1
73,5,4,1
629,48,29,19
3480,49,20,29
3,0,0,0
1050,0,0,0
77,0,0,0
375,1,1,0
11,0,0,0
8,4,3,1
72,1,0,1
26,0,0,0
35,0,0,0
51,0,0,0
280,2,1,1
204,7,7,0
1,0,0,0
2,0,0,0
9090,25,2,23
3,0,0,0
47,2,2,0
145,12,11,1
405,3,2,1
764,1,1,0
16,0,0,0
81,0,0,0
11,1,1,0
11,0,0,0
12,0,0,0
24,0,0,0
1340,5,1,4
533,20,20,0
1400,125,59,66
10,0,0,0
63,0,0,0
133,2,2,0
6200,7,3,4
71,6,3,3
20,8,8,0
461,0,0,0
405,0,0,0
1,0,0,0
1,0,0,0
1510,2,1,1
1800,36,33,3
42,0,0,0
108,0,0,0
136,0,0,0
108,1,1,0
7,0,0,0
7,0,0,0
31,0,0,0
1200,23,3,20
19,0,0,0
2,0,0,0
54,0,0,0
47,0,0,0
6,0,0,0
6,0,0,0
5,0,0,0
8100,159,59,100
233,7,7,0
565,6,6,0
247,0,0,0
669,6,6,0
209,0,0,0
293,0,0,0
284,0,0,0
388,0,0,0
260,4,3,1
382,5,4,1
514,0,0,0
130,16,14,2
5,0,0,0
3,0,0,0
102,2,2,0
64,1,0,1
4040,190,118,72
1280,72,46,26
1880,73,63,10
48,5,4,1
15,7,4,3
21,9,9,0
8,0,0,0
12,0,0,0
17,0,0,0
47,1,1,0
134,4,0,4
57,1,1,0
79,5,1,4
3,0,0,0
21,0,0,0
3,0,0,0
4,0,0,0
395,19,6,13
990,16,4,12
1520,6,2,4
50,1,0,1
4,0,0,0
0,0,0,0
5,2,2,0
14,2,2,0
56,1,0,1
108,0,0,0
123,1,0,1
262,1,1,0
216,0,0,0
1610,21,11,10
10,0,0,0
668,2,1,1
2210,18,16,2
94,5,5,0
174,0,0,0
199,0,0,0
205,0,0,0
14,6,6,0
669,18,18,0
6,0,0,0
2,0,0,0
84,0,0,0
209,1,1,0
20,8,7,1
68,0,0,0
20,0,0,0
33,0,0,0
1020,13,13,0
370,1,0,1
282,3,1,2
260,66,37,29
43,3,0,3
5250,89,59,30
2080,26,12,14
345,6,3,3
406,1,1,0
92,0,0,0
31,0,0,0
39,1,1,0
110,0,0,0
257,0,0,0
8,0,0,0
11,0,0,0
21,3,3,0
21,0,0,0
135,1,1,0
1210,39,19,20
8,5,5,0
208,0,0,0
6,0,0,0
4,0,0,0
33,0,0,0
82,32,20,12
318,0,0,0
646,0,0,0
397,0,0,0
22,0,0,0
770,0,0,0
208,7,3,4
6,0,0,0
18,2,2,0
204,2,2,0
208,5,0,5
293,4,3,1
295,6,6,0
209,8,6,2
272,3,3,0
301,3,3,0
4,0,0,0
8,0,0,0
1,0,0,0
35,0,0,0
49,0,0,0
9,0,0,0
9,0,0,0
316,0,0,0
176,2,2,0
105,9,8,1
170,8,5,3
7,0,0,0
700,0,0,0
1190,1,1,0
2260,0,0,0
2660,48,31,17
1950,31,14,17
2,0,0,0
43,0,0,0
6,0,0,0
106,2,1,1
38,0,0,0
4,0,0,0
1650,22,19,3
2890,31,22,9
199,0,0,0
23,1,1,0
6,0,0,0
6,0,0,0
45,1,1,0
45,1,1,0
12,0,0,0
829,21,2,19
12,0,0,0
1,0,0,0
7,0,0,0
330,1,1,0
14,15,15,0
2400,17,12,5
2500,42,29,13
2240,22,11,11
3000,23,14,9
28,9,6,3
20,3,3,0
364,0,0,0
8,3,3,0
22,0,0,0
26,0,0,0
362,20,20,0
17,0,0,0
1100,2,1,1
1190,16,16,0
27,0,0,0
61,2,2,0
67,0,0,0
545,21,19,2
2,0,0,0
2,0,0,0
19,11,10,1
1320,30,6,24
1610,67,40,27
381,1,1,0
2,0,0,0
36,0,0,0
4940,17,9,8
4850,1,1,0
22,16,16,0
273,3,3,0
10,0,0,0
183,0,0,0
0,0,0,0
1180,8,7,1
1770,5,0,5
6,1,1,0
8,2,2,0
2820,41,12,29
9,0,0,0
1,0,0,0
35,4,4,0
13,0,0,0
48,0,0,0
66,21,21,0
146,4,4,0
534,6,6,0
500,2,2,0
2120,95,72,23
17,0,0,0
7,0,0,0
1,0,0,0
1,0,0,0
326,14,12,2
136,0,0,0
3,1,1,0
6,0,0,0
10,0,0,0
113,0,0,0
0,0,0,0
105,0,0,0
461,11,9,2
910,22,22,0
26,0,0,0
2650,64,36,28
194,7,6,1
236,18,1,17
402,32,11,21
41,3,1,2
3020,1,0,1
104,4,1,3
133,4,1,3
176,9,5,4
185,6,5,1
3540,45,39,6
140,6,6,0
2,0,0,0
4,0,0,0
5,0,0,0
38,0,0,0
864,1,1,0
55,1,0,1
1410,14,8,6
63,1,1,0
135,0,0,0
72,2,1,1
93,6,4,2
1,0,0,0
1,0,0,0
2,0,0,0
4,0,0,0
5,0,0,0
29,0,0,0
35,17,16,1
29,0,0,0
1,0,0,0
1,0,0,0
193,1,0,1
2850,4,4,0
2470,14,1,13
1,0,0,0
9,2,1,1
27,4,2,2
24,0,0,0
64,0,0,0
21,0,0,0
2860,24,24,0
13,0,0,0
1,1,1,0
12,0,0,0
38,0,0,0
235,4,4,0
1370,22,19,3
11,0,0,0
3420,15,3,12
401,13,13,0
544,2,2,0
14,1,0,1
0,0,0,0
7,0,0,0
0,0,0,0
14,1,1,0
108,10,7,3
88,9,9,0
12,2,1,1
23,1,1,0
43,0,0,0
8,0,0,0
1,0,0,0
45,0,0,0
3,0,0,0
4,0,0,0
0,0,0,0
11,0,0,0
90,0,0,0
90,0,0,0
850,5,3,2
655,0,0,0
651,4,1,3
936,39,1,38
1700,14,1,13
47,8,6,2
31,0,0,0
65,8,3,5
180,10,4,6
25,0,0,0
7,0,0,0
45,10,6,4
31,3,1,2
3,0,0,0
1,0,0,0
431,5,1,4
22,1,0,1
498,0,0,0
709,6,4,2
531,0,0,0
519,1,0,1
392,36,30,6
314,0,0,0
297,0,0,0
10,2,1,1
119,4,4,0
123,0,0,0
4,0,0,0
110,3,3,0
1,0,0,0
46,6,6,0
95,0,0,0
295,2,1,1
130,4,4,0
354,0,0,0
246,0,0,0
193,3,1,2
38,0,0,0
5,0,0,0
172,2,1,1
934,0,0,0
7,0,0,0
1800,24,10,14
17,0,0,0
24,16,16,0
22,1,1,0
0,0,0,0
0,0,0,0
1,0,0,0
0,0,0,0
0,0,0,0
2,0,0,0
4,0,0,0
704,18,12,6
3,0,0,0
164,18,3,15
371,0,0,0
1,0,0,0
1,0,0,0
85,0,0,0
4,0,0,0
1,0,0,0
1,0,0,0
2,0,0,0
6,0,0,0
1400,0,0,0
5,0,0,0
1790,59,30,29
13900,9,7,2
430,0,0,0
20,0,0,0
2150,0,0,0
1,0,0,0
722,46,33,13
31,0,0,0
19,0,0,0
2,0,0,0
48,1,1,0
2,0,0,0
126,0,0,0
1,0,0,0
9,0,0,0
1,0,0,0
79,0,0,0
25,37,26,11
5,0,0,0
21,0,0,0
6,0,0,0
8,0,0,0
38,32,30,2
1,0,0,0
20,0,0,0
45,0,0,0
89,1,1,0
1,0,0,0
6,0,0,0
26,0,0,0
9,0,0,0
8,0,0,0
80,0,0,0
233,0,0,0
229,0,0,0
19,0,0,0
25,0,0,0
27,0,0,0
2,0,0,0
4,0,0,0
51,0,0,0
932,2,1,1
12,1,1,0
1410,2,2,0
24,8,6,2
1,0,0,0
1,0,0,0
7,0,0,0
6,0,0,0
2,0,0,0
23,1,1,0
267,0,0,0
264,0,0,0
2,0,0,0
54,7,6,1
184,16,16,0
7,0,0,0
11,0,0,0
918,0,0,0
8,13,13,0
3,0,0,0
31,16,16,0
9,0,0,0
1,0,0,0
221,0,0,0
350,37,16,21
456,7,2,5
374,6,1,5
5,6,6,0
9,2,1,1
32,9,8,1
109,8,7,1
197,0,0,0
134,2,2,0
217,0,0,0
248,0,0,0
15,3,3,0
8,0,0,0
27,0,0,0
36,1,1,0
8,0,0,0
13,0,0,0
34,0,0,0
920,0,0,0
23,0,0,0
26,1,1,0
22,0,0,0
1960,54,17,37
11200,47,16,31
272,0,0,0
165,28,28,0
1,0,0,0
1,0,0,0
43,2,0,2
9,5,4,1
12,3,2,1
95,4,2,2
1500,5,2,3
148,3,1,2
2440,1,0,1
53,1,1,0
297,1,1,0
52,0,0,0
4,0,0,0
6,0,0,0
43,1,1,0
176,9,4,5
1100,0,0,0
8,0,0,0
514,2,0,2
7,11,11,0
18,0,0,0
47,25,23,2
104,24,18,6
91,1,1,0
11,0,0,0
1,0,0,0
14,7,7,0
11,2,2,0
20,0,0,0
1,0,0,0
874,2,1,1
51,0,0,0
0,0,0,0
1,0,0,0
52,11,6,5
543,100,75,25
686,96,73,23
29,7,5,2
49,6,6,0
60,0,0,0
93,2,2,0
271,14,3,11
10,0,0,0
17,0,0,0
28,0,0,0
25,0,0,0
190,2,2,0
221,0,0,0
15,1,0,1
18,3,2,1
3,0,0,0
1,0,0,0
53,0,0,0
65,0,0,0
5,0,0,0
88,0,0,0
1,0,0,0
36,6,4,2
10,0,0,0
5,0,0,0
53,8,5,3
56,15,15,0
1,0,0,0
4,0,0,0
42,0,0,0
4,0,0,0
188,21,5,16
25,0,0,0
64,0,0,0
54,0,0,0
14,0,0,0
31,0,0,0
159,0,0,0
190,0,0,0
259,0,0,0
9,0,0,0
66,0,0,0
88,0,0,0
5,0,0,0
520,0,0,0
736,0,0,0
12,0,0,0
13,0,0,0
174,0,0,0
21,0,0,0
187,0,0,0
18,0,0,0
152,0,0,0
17,0,0,0
59,0,0,0
147,0,0,0
10,0,0,0
137,0,0,0
11,0,0,0
148,1,1,0
349,0,0,0
8,0,0,0
13,0,0,0
26,0,0,0
61,0,0,0
6,0,0,0
20,0,0,0
25,0,0,0
132,0,0,0
4,0,0,0
6,0,0,0
31,0,0,0
27,0,0,0
35,0,0,0
77,0,0,0
22,0,0,0
5,0,0,0
15,0,0,0
6,0,0,0
315,0,0,0
6,0,0,0
3,0,0,0
10,0,0,0
104,0,0,0
68,0,0,0
7,0,0,0
284,1,0,1
257,0,0,0
71,0,0,0
128,1,1,0
276,0,0,0
238,0,0,0
3,0,0,0
4,0,0,0
27,0,0,0
46,0,0,0
5,0,0,0
8,6,6,0
3,0,0,0
2,0,0,0
1,0,0,0
39,0,0,0
224,3,3,0
1100,14,10,4
1270,3,2,1
12,0,0,0
288,3,0,3
592,32,11,21
507,4,1,3
14,5,2,3
15,8,7,1
40,36,36,0
156,0,0,0
322,0,0,0
11000,11,5,6
3,0,0,0
7,0,0,0
758,52,29,23
10,2,1,1
213,3,3,0
51,0,0,0
3,0,0,0
0,0,0,0
0,0,0,0
4,0,0,0
12,0,0,0
2690,0,0,0
2,0,0,0
50,0,0,0
4,0,0,0
11,0,0,0
3,0,0,0
37,27,4,23
101,0,0,0
5,0,0,0
18,0,0,0
8,0,0,0
48,0,0,0
54,0,0,0
53,0,0,0
10,3,3,0
2,0,0,0
26,2,1,1
54,1,0,1
81,0,0,0
11,0,0,0
28,1,1,0
15,0,0,0
13,3,0,3
41,1,0,1
38,14,14,0
66,3,2,1
34,0,0,0
6,0,0,0
76,0,0,0
57,1,1,0
48,0,0,0
4,0,0,0
1,0,0,0
1,0,0,0
8,0,0,0
13,0,0,0
1020,3,2,1
8,0,0,0
9,0,0,0
14,0,0,0
391,0,0,0
17,0,0,0
2,0,0,0
10,0,0,0
4,0,0,0
8,0,0,0
15,0,0,0
33,0,0,0
57,0,0,0
24,0,0,0
12,0,0,0
420,35,27,8
488,11,6,5
574,8,4,4
2,0,0,0
1,0,0,0
15,0,0,0
226,23,22,1
5,0,0,0
96,0,0,0
1,0,0,0
87,0,0,0
10,0,0,0
10,0,0,0
26,1,0,1
2,0,0,0
279,0,0,0
150,6,5,1
1,0,0,0
101,0,0,0
1,0,0,0
0,0,0,0
4,0,0,0
1,0,0,0
7,0,0,0
10,0,0,0
1,0,0,0
19,0,0,0
17,0,0,0
5,0,0,0
2,0,0,0
12,0,0,0
70,0,0,0
56,15,14,1
5,0,0,0
0,0,0,0
0,0,0,0
250,0,0,0
305,0,0,0
13,0,0,0
748,1,1,0
1640,0,0,0
29,2,2,0
1,0,0,0
394,1,1,0
1,0,0,0
943,100,71,29
301,3,2,1
14,11,9,2
9,0,0,0
10,6,0,6
76,3,0,3
3,0,0,0
4,0,0,0
2,0,0,0
6,0,0,0
23,0,0,0
1,0,0,0
1,0,0,0
16,2,2,0
17,0,0,0
2,0,0,0
3,1,1,0
5,0,0,0
5,0,0,0
88,0,0,0
99,0,0,0
2,0,0,0
17,0,0,0
53,0,0,0
1,0,0,0
0,0,0,0
20,0,0,0
189,0,0,0
115,0,0,0
180,0,0,0
1140,2,0,2
1460,0,0,0
9,0,0,0
9,0,0,0
2060,33,26,7
8,0,0,0
510,15,1,14
1,0,0,0
19,0,0,0
3890,15,11,4
442,4,2,2
37,13,0,13
59,1,1,0
2,0,0,0
7,0,0,0
117,0,0,0
112,0,0,0
9,0,0,0
6,0,0,0
14,0,0,0
244,0,0,0
9,0,0,0
0,0,0,0
194,0,0,0
1940,11,11,0
18,0,0,0
15,0,0,0
36,0,0,0
35,0,0,0
19,6,5,1
2330,3,2,1
40,0,0,0
54,0,0,0
1,0,0,0
55,0,0,0
1,0,0,0
46,0,0,0
42,0,0,0
5,0,0,0
30,1,1,0
4030,8,7,1
1,0,0,0
1,0,0,0
0,0,0,0
9,0,0,0
6,0,0,0
32,0,0,0
14,0,0,0
1,0,0,0
1,0,0,0
409,0,0,0
197,3,3,0
584,6,6,0
7,0,0,0
176,2,2,0
10,0,0,0
6,6,0,6
7,1,0,1
8,0,0,0
11,4,4,0
11,1,0,1
56,0,0,0
1,0,0,0
2,0,0,0
29,0,0,0
50,0,0,0
76,0,0,0
0,0,0,0
0,0,0,0
231,0,0,0
9,0,0,0
8,0,0,0
407,2,0,2
2,0,0,0
2650,2,2,0
29,0,0,0
0,0,0,0
0,0,0,0
15,0,0,0
16,0,0,0
4,0,0,0
195,9,6,3
42,0,0,0
2,5,5,0
1,0,0,0
36,5,5,0
1410,15,7,8
97,6,5,1
197,28,10,18
3,0,0,0
6,0,0,0
11,1,1,0
1,0,0,0
30,2,2,0
598,12,4,8
4,0,0,0
1000,43,34,9
1090,6,4,2
1220,22,13,9
765,14,9,5
609,5,0,5
1010,14,7,7
2750,2,1,1
1030,0,0,0
1470,2,0,2
864,19,8,11
5,1,0,1
8,0,0,0
1,0,0,0
15,0,0,0
37,0,0,0
116,2,1,1
117,0,0,0
144,0,0,0
3,0,0,0
42,15,15,0
153,3,3,0
307,15,14,1
6,2,2,0
251,19,4,15
10,7,7,0
429,16,9,7
45,3,3,0
13,5,5,0
353,6,6,0
327,3,3,0
59,0,0,0
3,0,0,0
0,0,0,0
45,4,4,0
42,1,0,1
70,3,3,0
274,0,0,0
632,14,7,7
4,0,0,0
33,5,3,2
117,0,0,0
50,2,2,0
4530,1,0,1
5700,0,0,0
1,0,0,0
4,0,0,0
1,0,0,0
2,0,0,0
529,0,0,0
617,0,0,0
1,0,0,0
118,0,0,0
168,0,0,0
41,8,2,6
471,3,0,3
21,0,0,0
10,0,0,0
7,0,0,0
0,0,0,0
226,1,0,1
1,0,0,0
4,0,0,0
9,0,0,0
4,0,0,0
25,8,5,3
1,0,0,0
119,1,1,0
62,2,1,1
71,4,3,1
2,0,0,0
12,0,0,0
72,0,0,0
462,0,0,0
2,0,0,0
2130,1,1,0
57,0,0,0
10,3,2,1
174,0,0,0
20,0,0,0
25,0,0,0
4,0,0,0
4,0,0,0
237,0,0,0
13,5,3,2
10,0,0,0
46,1,0,1
4,0,0,0
9,0,0,0
1,0,0,0
136,2,1,1
25,1,1,0
24,0,0,0
84,1,1,0
15,0,0,0
330,5,5,0
272,1,0,1
7,4,4,0
5,5,5,0
0,0,0,0
0,0,0,0
22,0,0,0
128,12,6,6
126,12,1,11
30,0,0,0
42,0,0,0
46,0,0,0
124,0,0,0
6,0,0,0
1,0,0,0
37,0,0,0
1830,0,0,0
22,0,0,0
53,0,0,0
545,4,3,1
76,23,0,23
7,1,0,1
1270,4,1,3
133,4,2,2
2,0,0,0
4,0,0,0
236,3,1,2
207,4,2,2
195,1,1,0
9,2,2,0
1,0,0,0
4,3,3,0
4600,74,34,40
2,0,0,0
9,0,0,0
864,0,0,0
163,0,0,0
236,0,0,0
281,2,1,1
238,0,0,0
0,0,0,0
52,0,0,0
396,6,6,0
4,0,0,0
11,0,0,0
8,0,0,0
19,0,0,0
36,1,1,0
5,0,0,0
97,0,0,0
78,0,0,0
6,0,0,0
6,0,0,0
38,0,0,0
148,0,0,0
6,0,0,0
2,0,0,0
267,0,0,0
242,2,2,0
0,0,0,0
1,0,0,0
8,0,0,0
23,0,0,0
10,9,9,0
194,0,0,0
275,0,0,0
291,2,1,1
398,0,0,0
49,0,0,0
4,0,0,0
10,0,0,0
21,0,0,0
28,0,0,0
0,0,0,0
2,0,0,0
24,0,0,0
39,0,0,0
18,0,0,0
21,0,0,0
61,1,1,0
55,0,0,0
3,0,0,0
3,0,0,0
4,0,0,0
7,0,0,0
8,0,0,0
193,0,0,0
3,0,0,0
0,0,0,0
28,5,5,0
1,0,0,0
2,0,0,0
158,16,14,2
18,0,0,0
14,0,0,0
508,0,0,0
1110,0,0,0
218,3,3,0
6,0,0,0
8,0,0,0
21,0,0,0
36,0,0,0
2,0,0,0
22,1,1,0
9,3,3,0
19,0,0,0
1,0,0,0
94,0,0,0
98,0,0,0
12,0,0,0
7,0,0,0
42,0,0,0
20,0,0,0
2,0,0,0
3,0,0,0
5,2,2,0
1,3,3,0
1,0,0,0
6,0,0,0
5,0,0,0
554,3,3,0
17,0,0,0
6,1,0,1
1,0,0,0
1,0,0,0
1,0,0,0
1,1,1,0
0,0,0,0
499,18,11,7
158,2,2,0
1,0,0,0
204,2,1,1
10,0,0,0
578,3,1,2
0,0,0,0
31,0,0,0
6,0,0,0
17,0,0,0
0,0,0,0
0,0,0,0
7,0,0,0
18,0,0,0
17,1,0,1
2,0,0,0
3,0,0,0
0,0,0,0
1,0,0,0
5,0,0,0
9,0,0,0
5,0,0,0
6,0,0,0
263,0,0,0
219,0,0,0
321,0,0,0
60,0,0,0
104,0,0,0
17,0,0,0
1260,0,0,0
8,0,0,0
82,4,2,2
68,1,1,0
2,0,0,0
11,0,0,0
7,0,0,0
4,0,0,0
5,0,0,0
0,0,0,0
0,0,0,0
60,0,0,0
6,1,1,0
1,0,0,0
7,2,2,0
43,2,2,0
25,0,0,0
4,0,0,0
4,0,0,0
3,0,0,0
10,0,0,0
3,0,0,0
2,1,1,0
2,0,0,0
10,0,0,0
13,2,2,0
1,0,0,0
1,1,1,0
31,0,0,0
552,0,0,0
772,0,0,0
2,0,0,0
5,0,0,0
1,0,0,0
1,0,0,0
4,0,0,0
18,0,0,0
1,0,0,0
4120,0,0,0
5,0,0,0
10,0,0,0
21,0,0,0
6,0,0,0
14,0,0,0
10500,3,0,3
5,0,0,0
13,0,0,0
2,0,0,0
260,24,10,14
27,0,0,0
3,0,0,0
1,0,0,0
57,3,2,1
1,0,0,0
90,1,0,1
35,0,0,0
1,0,0,0
34,0,0,0
51,7,5,2
4,0,0,0
71,0,0,0
10,0,0,0
71,0,0,0
20,0,0,0
1,0,0,0
44,0,0,0
4,0,0,0
8,0,0,0
6,2,2,0
562,12,6,6
21,0,0,0
37,0,0,0
2,0,0,0
0,0,0,0
10,0,0,0
16,0,0,0
2,0,0,0
3,0,0,0
3,0,0,0
62,0,0,0
125,0,0,0
7,0,0,0
1,0,0,0
1,0,0,0
1,0,0,0
1,0,0,0
1,0,0,0
53,1,0,1
30,0,0,0
101,1,0,1
3,0,0,0
3,0,0,0
5,0,0,0
12,0,0,0
14,0,0,0
207,2,0,2
208,2,0,2
67,4,3,1
19,0,0,0
255,4,3,1
8,0,0,0
11,0,0,0
2,0,0,0
6,0,0,0
82,1,1,0
155,1,0,1
90,3,3,0
28,1,1,0
172,7,5,2
27,0,0,0
154,0,0,0
3,0,0,0
6,0,0,0
0,0,0,0
0,0,0,0
49,0,0,0
68,0,0,0
5,0,0,0
1,0,0,0
11,0,0,0
8,0,0,0
0,0,0,0
1,0,0,0
526,0,0,0
4,0,0,0
4,1,0,1
71,4,4,0
8,0,0,0
1,0,0,0
116,3,3,0
21,1,1,0
0,0,0,0
191,0,0,0
16,0,0,0
1,0,0,0
15,0,0,0
5,0,0,0
1,0,0,0
18,0,0,0
219,0,0,0
261,0,0,0
9,0,0,0
160,7,6,1
16,1,1,0
1,0,0,0
5,13,13,0
50,0,0,0
1,0,0,0
1,0,0,0
1,0,0,0
323,0,0,0
400,0,0,0
21,0,0,0
23,0,0,0
8,0,0,0
11,0,0,0
14,0,0,0
1,0,0,0
4,0,0,0
4,0,0,0
1,0,0,0
229,4,4,0
4,0,0,0
1,0,0,0
1,0,0,0
12,0,0,0
1,0,0,0
0,0,0,0
0,0,0,0
1,0,0,0
7,0,0,0
121,0,0,0
1,0,0,0
222,0,0,0
69,0,0,0
4,0,0,0
7,0,0,0
7,0,0,0
100,4,3,1
93,0,0,0
0,0,0,0
1,0,0,0
7,0,0,0
20,0,0,0
201,0,0,0
3,0,0,0
9,0,0,0
7,0,0,0
6,0,0,0
3,0,0,0
2,0,0,0
17,0,0,0
1,0,0,0
0,0,0,0
0,0,0,0
0,0,0,0
45,1,0,1
1,0,0,0
21,1,0,1
15,1,0,1
16,0,0,0
10,0,0,0
12,0,0,0
1,0,0,0
0,0,0,0
2,0,0,0
1,0,0,0
1,0,0,0
237,0,0,0
40,0,0,0
48,0,0,0
50,2,0,2
10,0,0,0
392,11,10,1
0,0,0,0
1,0,0,0
14,0,0,0
27,0,0,0
10,0,0,0
13,0,0,0
34,0,0,0
35,0,0,0
3,0,0,0
395,2,1,1
1,0,0,0
1,0,0,0
100,1,0,1
4,0,0,0
7,0,0,0
0,0,0,0
465,3,3,0
112,0,0,0
5,0,0,0
13,3,3,0
4,0,0,0
13,0,0,0
12,0,0,0
257,0,0,0
2,0,0,0
1140,0,0,0
121,0,0,0
0,0,0,0
3,0,0,0
258,0,0,0
56,0,0,0
1,0,0,0
8,1,1,0
0,0,0,0
0,0,0,0
2,0,0,0
2,0,0,0
15,0,0,0
131,0,0,0
0,0,0,0
0,0,0,0
0,0,0,0
19,0,0,0
4,0,0,0
10,0,0,0
1,0,0,0
0,0,0,0
117,0,0,0
140,0,0,0
43,0,0,0
880,13,7,6
6,0,0,0
371,1,0,1
4,0,0,0
56,1,1,0
1,0,0,0
1,0,0,0
3,0,0,0
4,0,0,0
3,0,0,0
1,1,1,0
3,0,0,0
2,0,0,0
4,0,0,0
1,0,0,0
3,0,0,0
3,0,0,0
3,0,0,0
3,0,0,0
11,0,0,0
0,0,0,0
21,0,0,0
2,0,0,0
1,0,0,0
177,0,0,0
179,0,0,0
479,1,0,1
336,16,14,2
1,0,0,0
2460,0,0,0
8,0,0,0
3,0,0,0
2,0,0,0
1,0,0,0
1,0,0,0
2,0,0,0
2,0,0,0
3,0,0,0
1,0,0,0
3,0,0,0
14,0,0,0
8,0,0,0
49,0,0,0
9,0,0,0
17,0,0,0
13,0,0,0
9,0,0,0
7,0,0,0
4,0,0,0
246,0,0,0
15,0,0,0
67,0,0,0
19,0,0,0
10,0,0,0
0,0,0,0
836,4,2,2
2,0,0,0
3,0,0,0
0,0,0,0
16,0,0,0
91,0,0,0
93,0,0,0
111,0,0,0
3,0,0,0
56,0,0,0
25,1,1,0
1,0,0,0
345,0,0,0
4,0,0,0
5,0,0,0
2,0,0,0
22,0,0,0
5,0,0,0
6,0,0,0
4,0,0,0
4,0,0,0
12,0,0,0
14,0,0,0
13,0,0,0
26,0,0,0
22,0,0,0
24,0,0,0
5,0,0,0
12,0,0,0
2,0,0,0
58,0,0,0
16,1,1,0
6,0,0,0
7,0,0,0
4,0,0,0
0,0,0,0
4,0,0,0
0,0,0,0
0,0,0,0
2,0,0,0
0,0,0,0
173,3,1,2
111,0,0,0
1,0,0,0
0,0,0,0
0,0,0,0
9,0,0,0
3,0,0,0
3,0,0,0
17,3,1,2
432,5,3,2
727,3,1,2
4,0,0,0
4,0,0,0
2,0,0,0
272,0,0,0
5,0,0,0
1,0,0,0
6,0,0,0
8,0,0,0
4,0,0,0
2,0,0,0
2,0,0,0
3,0,0,0
6,0,0,0
15,0,0,0
5,0,0,0
96,0,0,0
114,0,0,0
9,0,0,0
11,1,1,0
192,0,0,0
56,1,1,0
75,0,0,0
6,0,0,0
6,0,0,0
11,0,0,0
147,0,0,0
0,0,0,0
100,0,0,0
13,1,0,1
12,1,0,1
31,0,0,0
5,0,0,0
3,0,0,0
1,0,0,0
57,0,0,0
83,0,0,0
81,0,0,0
91,0,0,0
30,0,0,0
0,0,0,0
2,0,0,0
3,0,0,0
1,0,0,0
10,0,0,0
0,0,0,0
60,0,0,0
3,0,0,0
1,0,0,0
3,0,0,0
1,0,0,0
2,0,0,0
2,0,0,0
3,0,0,0
4,0,0,0
5,0,0,0
6,0,0,0
2,0,0,0
2,0,0,0
16,0,0,0
52,0,0,0
5,0,0,0
3,0,0,0
4,0,0,0
1,0,0,0
44,0,0,0
6,0,0,0
2,0,0,0
1,0,0,0
1,0,0,0
2,0,0,0
9,0,0,0
38,0,0,0
5,0,0,0
62,0,0,0
2,0,0,0
3,0,0,0
18,0,0,0
4,0,0,0
4,0,0,0
308,0,0,0
8,0,0,0
2,0,0,0
24,0,0,0
18,0,0,0
133,0,0,0
312,6,3,3
192,0,0,0
6100,9,1,8
25,1,1,0
299,0,0,0
37,0,0,0
7,0,0,0
17,0,0,0
12,0,0,0
1,0,0,0
57,0,0,0
3,0,0,0
8,0,0,0
11,0,0,0
15,0,0,0
3,0,0,0
4,0,0,0
1,0,0,0
0,0,0,0
3,0,0,0
12,0,0,0
2,0,0,0
7,15,0,15
8,0,0,0
1,0,0,0
1,0,0,0
4,0,0,0
4,0,0,0
10,0,0,0
8,0,0,0
1,0,0,0
6,0,0,0
4,0,0,0
148,0,0,0
201,0,0,0
2,0,0,0
2,0,0,0
16,0,0,0
0,0,0,0
59,0,0,0
742,0,0,0
1380,0,0,0
40,0,0,0
1,0,0,0
3,0,0,0
20,0,0,0
7,0,0,0
1430,0,0,0
8,0,0,0
34,0,0,0
2,0,0,0
7,0,0,0
239,0,0,0
0,0,0,0
14,0,0,0
160,1,0,1
116,0,0,0
154,0,0,0
13,0,0,0
1,0,0,0
48,0,0,0
169,0,0,0
13,0,0,0
60,0,0,0
71,0,0,0
172,0,0,0
6,0,0,0
3,0,0,0
14,0,0,0
5,0,0,0
543,2,2,0
60,0,0,0
564,0,0,0
114,0,0,0
65,0,0,0
62,0,0,0
183,1,1,0
0,0,0,0
1,0,0,0
6,0,0,0
4,0,0,0
154,0,0,0
289,0,0,0
34,0,0,0
1,0,0,0
9,0,0,0
15,0,0,0
2,0,0,0
1,0,0,0
1,0,0,0
0,0,0,0
13,0,0,0
6,0,0,0
1,0,0,0
2,0,0,0
2,0,0,0
3,0,0,0
7,0,0,0
5,0,0,0
3,0,0,0
0,0,0,0
21,0,0,0
6,0,0,0
5,0,0,0
3,0,0,0
2,0,0,0
0,0,0,0
1,0,0,0
1410,7,0,7
4,0,0,0
2,0,0,0
26,0,0,0
14,0,0,0
20,0,0,0
1,0,0,0
2,0,0,0
126,1,1,0
5,0,0,0
3,0,0,0
2210,0,0,0
2,0,0,0
4,0,0,0
16,0,0,0
4,0,0,0
2,0,0,0
4,0,0,0
55,0,0,0
0,0,0,0
5,0,0,0
7,0,0,0
14,0,0,0
1,0,0,0
0,2,2,0
0,0,0,0
1,0,0,0
1,0,0,0
1,0,0,0
232,0,0,0
1,0,0,0
1,0,0,0
0,0,0,0
3,0,0,0
1,0,0,0
0,0,0,0
1,0,0,0
3,0,0,0
0,0,0,0
21,0,0,0
68,0,0,0
15,0,0,0
13,0,0,0
67,0,0,0
14,0,0,0
3,0,0,0
7,0,0,0
14,0,0,0
4,0,0,0
0,0,0,0
0,0,0,0
1,0,0,0
2,0,0,0
5,0,0,0
2,0,0,0
0,0,0,0
0,0,0,0
0,0,0,0
1,0,0,0
1,0,0,0
1,0,0,0
1,0,0,0
1,0,0,0
1,0,0,0
3,0,0,0
3,0,0,0
0,0,0,0
7,0,0,0
9,0,0,0
11,0,0,0
3,0,0,0
0,0,0,0
0,0,0,0
1,0,0,0
299,0,0,0
7,0,0,0
115,0,0,0
0,0,0,0
0,0,0,0
0,0,0,0
3,0,0,0
19,0,0,0
259,0,0,0
410,0,0,0
58,0,0,0
9,0,0,0
35,0,0,0
8,0,0,0
1,0,0,0
9,0,0,0
3,0,0,0
3,0,0,0
1,0,0,0
287,0,0,0
8,0,0,0
8,0,0,0
0,0,0,0
0,0,0,0
4,0,0,0
19,0,0,0
1,0,0,0
5,0,0,0
1,0,0,0
4,0,0,0
1,0,0,0
230,0,0,0
0,0,0,0
3,0,0,0
4,0,0,0
7,0,0,0
4,0,0,0
6,0,0,0
1,0,0,0
15,0,0,0
1,0,0,0
13,0,0,0
16,0,0,0
273,0,0,0
4,0,0,0
4,0,0,0
0,0,0,0
2,0,0,0
1,0,0,0
1,0,0,0
2,0,0,0
5,0,0,0
4,0,0,0
14,0,0,0
0,0,0,0
1,0,0,0
3,0,0,0
3,0,0,0
1,0,0,0
0,0,0,0
1,0,0,0
1,0,0,0
1,0,0,0
1,0,0,0
2,0,0,0
90,0,0,0
128,0,0,0
0,0,0,0
1,0,0,0
1,0,0,0
22,0,0,0
18,0,0,0
16,0,0,0
1,0,0,0
1,0,0,0
30,0,0,0
27,3,0,3
1,0,0,0
3,0,0,0
6,0,0,0
283,0,0,0
5,0,0,0
1,0,0,0
2,0,0,0
19,0,0,0
5,0,0,0
7,0,0,0
3,0,0,0
0,0,0,0
353,0,0,0
0,0,0,0
22,0,0,0
11,0,0,0
3,0,0,0
7,0,0,0
26,0,0,0
0,0,0,0
1,0,0,0
1,0,0,0
1,0,0,0
7,0,0,0
1,0,0,0
2,0,0,0
0,0,0,0
120,1,1,0
1,0,0,0
6,0,0,0
10,0,0,0
17,0,0,0
0,0,0,0
705,0,0,0
0,0,0,0
0,0,0,0
1,0,0,0
1,0,0,0
0,0,0,0
1,0,0,0
1,0,0,0
0,0,0,0
0,0,0,0
7,0,0,0
6,0,0,0
21,0,0,0
1,2,0,2
19,0,0,0
1,0,0,0
0,0,0,0
1,0,0,0
1,0,0,0
3,0,0,0
12,0,0,0
1,0,0,0
39,0,0,0
0,0,0,0
3,0,0,0
0,0,0,0
1,1,1,0
0,0,0,0
25,0,0,0
424,0,0,0
63,0,0,0
2,0,0,0
3,0,0,0
5,0,0,0
4,0,0,0
1,0,0,0
39,0,0,0
39,0,0,0
1,0,0,0
18,0,0,0
2,0,0,0
7,1,0,1
1,0,0,0
6,0,0,0
3,0,0,0
1,0,0,0
4,0,0,0
2,0,0,0
3,0,0,0
3,0,0,0
0,0,0,0
20,0,0,0
3,0,0,0
3,0,0,0
484,0,0,0
1,0,0,0
29,0,0,0
0,0,0,0
1,0,0,0
7,0,0,0
5,0,0,0
194,0,0,0
229,0,0,0
40,0,0,0
9,0,0,0
5,0,0,0
6,0,0,0
5,0,0,0
1,0,0,0
0,0,0,0
0,0,0,0
138,0,0,0
116,0,0,0
10,0,0,0
4,0,0,0
5,0,0,0
4,0,0,0
1,0,0,0
6,0,0,0
2,0,0,0
0,0,0,0
47,0,0,0
0,0,0,0
183,0,0,0
2,0,0,0
25,0,0,0
0,0,0,0
63,0,0,0
1,0,0,0
0,0,0,0
2,0,0,0
6,0,0,0
6,0,0,0
0,0,0,0
0,0,0,0
2,0,0,0
6,0,0,0
1,0,0,0
10,0,0,0
2040,0,0,0
1,0,0,0
4,0,0,0
0,0,0,0
1,0,0,0
0,0,0,0
4,0,0,0
1,0,0,0
2,0,0,0
41,0,0,0
4,0,0,0
0,0,0,0
0,0,0,0
1,0,0,0
4,0,0,0
0,0,0,0
0,0,0,0
0,0,0,0
1,0,0,0
3,0,0,0
3,0,0,0
129,0,0,0
487,0,0,0
2,0,0,0
19,0,0,0
2,0,0,0
32,0,0,0
0,0,0,0
1,0,0,0
0,0,0,0
21,0,0,0
244,0,0,0
17,0,0,0
19,0,0,0
2,0,0,0
2,0,0,0
0,0,0,0
0,0,0,0
27,0,0,0
1,0,0,0
19,0,0,0
11,0,0,0
0,0,0,0
13,0,0,0
416,0,0,0
508,0,0,0
1660,0,0,0
2,0,0,0
9,0,0,0
6,0,0,0
1,0,0,0
0,0,0,0
1,0,0,0
161,0,0,0
12,0,0,0
20,0,0,0
2,0,0,0
17,0,0,0
23,0,0,0
1,0,0,0
11,0,0,0
12,0,0,0
0,0,0,0
3,0,0,0
3,0,0,0
4,0,0,0
0,0,0,0
375,0,0,0
2,0,0,0
31,0,0,0
1,0,0,0
4,0,0,0
13,0,0,0
1,0,0,0
0,0,0,0
3,0,0,0
2,0,0,0
2,0,0,0
3,0,0,0
2,0,0,0
32,0,0,0
0,0,0,0
19,0,0,0
57,0,0,0
0,0,0,0
2,0,0,0
3,0,0,0
291,0,0,0
4,0,0,0
0,0,0,0
1,0,0,0
2,0,0,0
10,0,0,0
1,0,0,0
31,0,0,0
124,0,0,0
2,0,0,0
285,0,0,0
4,0,0,0
42,0,0,0
0,0,0,0
0,0,0,0
20,0,0,0
13,0,0,0
100,0,0,0
12,0,0,0
14,0,0,0
140,0,0,0
2,0,0,0
0,0,0,0
266,0,0,0
4,0,0,0
0,0,0,0
6,0,0,0
1,0,0,0
0,0,0,0
0,0,0,0
1,0,0,0
0,0,0,0
2,0,0,0
2,0,0,0
558,0,0,0
2,0,0,0
6,0,0,0
0,0,0,0
1,0,0,0
4,0,0,0
134,0,0,0
222,0,0,0
2,0,0,0
11,0,0,0
1,0,0,0
10,0,0,0
12,0,0,0
10,0,0,0
4,0,0,0
5,0,0,0
8,0,0,0
2,0,0,0
1,0,0,0
1,0,0,0
32,0,0,0
37,0,0,0
5,0,0,0
3,0,0,0
23,0,0,0
26,0,0,0
482,0,0,0
2,0,0,0
11,0,0,0
2,0,0,0
66,0,0,0
0,0,0,0
0,0,0,0
9,0,0,0
1,0,0,0
3,0,0,0
4,0,0,0
1,0,0,0
6,0,0,0
166,0,0,0
234,0,0,0
5,0,0,0
2,0,0,0
3,0,0,0
3,0,0,0
2,0,0,0
1,0,0,0
20,0,0,0
9,0,0,0
13,0,0,0
4,0,0,0
110,0,0,0
9,0,0,0
16,0,0,0
20,0,0,0
86,0,0,0
209,0,0,0
238,0,0,0
6,0,0,0
3,0,0,0
4,0,0,0
5,0,0,0
0,0,0,0
16,0,0,0
5,0,0,0
407,0,0,0
15,0,0,0
30,0,0,0
0,0,0,0
2,0,0,0
7,0,0,0
0,0,0,0
9,0,0,0
12,0,0,0
1,0,0,0
2,0,0,0
10,0,0,0
261,0,0,0
527,0,0,0
1050,0,0,0
1300,0,0,0
1,0,0,0
131,0,0,0
